Bleu_1: 0.4532889053436439
Bleu_2: 0.2379186283012985
Bleu_3: 0.11661915179444722
Bleu_4: 0.05479242428208226
METEOR: 0.1295784519236101
ROUGE_L: 0.29995189285593254
CIDEr: 0.20476502699534693
